[ 
  481.42075878  144.31780126
  707.95816134   38.2768284 
  977.22529336    0.0        
  878.12202719   84.66045117
  815.98192199   96.10475127
  686.94701015   92.95090849
  997.88294682  156.86090001
  994.79994159  211.64573664
  953.67665645  189.74859884
  697.59940488  259.75553053
  604.72997389  231.9662916 
  666.69282692  192.73307573
  593.90734945  170.16582642
  554.87662761  241.5505347 
  665.27593559  313.6197597 
  684.9171601   341.07173031
  610.50376269  371.24422441
  704.07826929  360.3438418 
  731.8050792   356.8537792 
  762.75250358  438.83485093
  761.9791171   451.33753621
  757.92016522  488.46703141
  635.04889958  455.87820978
  724.91176466  598.60910753
  745.86985654  581.75620503
  792.7690267   591.57729706
  850.26076015  522.74129218
  821.56967419  306.86580203
  830.15605953  301.99707476
  894.84509821  271.56263556
  942.66598172  251.60743309
  959.87292812  275.6355652 
  921.14849074  488.85980006
  887.74095274  625.8885028 
 1000.0          856.0326221 
  984.71084813  872.93599508
  832.36504681  980.32994632
  940.53895618  878.99290805
  872.13983877  668.74511998
  805.9090039   799.84612605
  787.75906955  767.48692147
  727.88569953  875.1393097 
  661.48732691  688.66571225
  521.41871981  818.15125466
  513.76802578  903.53992139
  589.33318857  909.92186022
  574.84753073  922.55525641
  645.42590138  959.61816217
  413.45475592 1000.0        
  328.18420656  951.15194076
  211.02037206  991.56183363
  180.13747853  938.02918416
  156.9456643   779.56537526
  202.03832562  931.71978428
  225.46623735  879.67360225
   78.85529016  439.21083801
   67.6587246   441.34288258
   45.02362993  396.39103475
  163.71094201  880.86691201
   56.60311351  590.88361116
   84.01333716  803.98896405
   15.75940276  692.54989595
    0.0          277.97338019
   92.26286612  320.34895584
  366.94163443  916.77320751
  407.44764187  892.78596996
  467.52564832  817.96700046
  514.57509716  699.14084702
  466.61057457  632.80899304
  420.99361905  608.00375184
  424.28210538  619.76586456
  356.24925128  612.94473634
  321.64183051  589.77322998
  342.95119101  568.87250868
  326.77357213  542.43927128
  275.99444189  247.39820882
  220.69716171  409.90784279
  243.26182961  411.89889803
  334.5658862   659.10080117
  354.66499746  732.89153613
  323.17106942  713.16222719
  236.02821066  537.88068341
  211.14178044  407.233973  
  180.70608364  189.82666899
   52.192131    104.66823912
  145.33094645   25.71008547
  353.34958913    9.78475821
  378.47025433   39.28534925
  642.06521547   13.965767  
  271.87255032   68.43371406
  441.12049861  263.47802293
  503.46461462  370.16727148
  416.06175544  331.34134174
  335.45067985  504.32678661
  568.3553879   366.60846758
  453.81244211  233.90413465
  478.8991944   225.94482911
  478.25357755  209.41499088
  421.23801875  165.31410924
  347.18484267  103.45165577
]

[
  345.55868447  826.91524291
  372.12760084  937.64530646
  590.80916549  953.65174924
  770.31502853  956.0700857 
  791.0480527   909.45286353
  929.14448034  928.51307657
  935.88253689  918.292432  
  837.84679508  747.56503553
  748.73550844  764.2233378 
  712.81549146  776.95646327
  528.94840058  808.31399989
  555.71751988  868.51064221
  381.07806087  804.8768786 
  499.89625528  747.12238183
  385.34382286  696.97474039
  417.77926014  667.94087355
  355.87971161  615.45040547
  416.32804042  585.61953152
  455.70709939  674.39826715
  569.03606841  420.81066351
  576.20399645  597.43176034
  561.08661286  664.57733452
  677.36616596  682.69922645
  736.05142125  585.29289238
  775.70754726  571.58529651
  970.60108389  743.18941286
  947.10596104  935.07281522
  870.445779   1000.0        
  726.64002488  989.16602487
  520.76144656  990.11908299
  161.12378334  993.83672413
    6.87607006  956.10009294
  325.64999331  952.55385062
  305.81764845  924.47060295
  161.04048524  934.53131304
  222.84526587  789.14682034
  256.14396463  689.81111786
  146.17228874  510.85765012
  267.13261571  413.06005003
  275.01002622  388.68257035
  202.89139885  364.50612104
  230.92382129  411.11588825
  134.89116116  493.76571925
   98.89670078  575.93990242
  145.82011338  587.91583933
  179.4425055   619.61838519
  212.37482878  633.3837234 
  114.62595776  843.3792517 
    0.0          582.34345755
   32.11291795  502.5780537 
   54.34302827  235.69505143
   87.38468433  249.39372301
   81.31443568  284.15379459
  118.09109961  382.09566142
  129.01053332  364.56647931
  197.41424466  326.89454895
   35.9279238   173.91692089
   27.17407507   58.08996568
   38.06882718    0.0        
  216.79950362   74.36087379
  254.42900643   76.40086134
  297.71307191   65.6819101 
  465.41358588  145.76905887
  533.74923111  160.81817347
  542.86418958  117.31328884
  139.24095204   13.2504447 
  345.65072587   48.36966529
  714.92947243   49.15191846
  754.92354621  187.05970494
  757.69769617  324.61131435
  823.11457814  205.35835849
  860.38083782  210.51917148
  885.5591723   184.3978761 
  839.08808069   31.85094157
  917.08375204   50.08841807
  912.70898626  163.74948075
 1000.0          568.82796955
  906.02421035  610.54791768
  835.54034998  535.83612043
  777.29344005  419.53008948
  877.33999364  491.42656886
  784.05983558  396.23968966
  814.91705902  369.65250999
  641.58924007  269.73472282
  600.95307371  284.94159028
  698.14690113  402.78082764
  608.74575743  457.64016402
  560.46922423  329.1607586 
  521.12074694  323.38938428
  563.86309718  283.16213121
  563.06344432  216.56693717
  404.2230781   118.83166719
  270.88665745  243.14714636
  452.34509514  245.87913622
  505.37178121  360.25319769
  448.8346583   371.18285999
  375.35047917  422.03513768
  334.88210329  571.3939381 
  329.26863033  801.72478369
  326.97476084  844.38848943
]